批量激活码
每个激活码价值0.05元！！！
21385 91640 35367 90253
63434 19590 17800 00257
15231 24983 24349 20258
51637 39121 12942 20251
18238 15487 54880 20259
42749 28824 20466 60259
63336 95432 78907 10255
33791 23305 54945 30255
27847 56270 90795 80250
66686 75609 17410 20259
24637 46505 01922 20251
21287 41144 31389 00256
51756 81671 93443 40254
18252 38994 41918 80253
30805 31183 39233 60256
15259 68493 11956 20255
69763 96189 16213 10251
36791 59959 64591 60254
63959 46374 18946 20255
36476 29737 28299 60252
48315 35816 96435 10253
39532 25103 58846 20255
54777 87631 19836 00253
21294 63000 03327 80252
63196 76054 66868 50250
36812 67136 70482 00259
15364 48066 51134 90250
36371 18141 79753 00250
36749 62857 52409 90255
36294 67379 28619 40250
27952 67680 80027 50259
48987 97820 95819 60252
66798 23063 42987 60250
60693 42299 29164 40255
39917 24789 07153 90259
36343 48482 88574 90250
42966 32605 62240 70254
15322 45050 13985 30255
42497 79010 56367 60250
24504 91706 03444 50256
27805 73538 45847 20256
39210 28077 24785 50257
24378 24224 39174 40255
63924 92191 42716 40257
15329 75615 42347 00254
36917 13520 88681 60254
66784 29127 69871 10259
48602 30940 73994 00251
18896 30017 10709 20258
12770 12682 67822 70256
60609 86172 66770 10258
69770 14726 07478 90254
51707 33536 57282 00259
54329 29224 08423 30253
42973 90572 34662 50254
63434 36046 61826 00253
48217 34346 62749 20258
69623 60662 36773 60256
45763 15486 00329 50251
15826 37863 15632 20251
33343 98920 47559 60252
33420 25827 28509 20258
66210 25770 03857 50259
33952 96803 11895 20254
60637 18785 86856 20255
33735 30089 04048 10256
51896 57921 53787 90253
48259 37901 64819 80254
45203 88965 39862 40253
42350 70060 03275 40256
39357 58557 88815 70259
63427 59783 67724 20253
39399 51727 41300 30250
21266 36819 56109 70253
45175 69634 90120 20259
69903 17911 57371 70255
48336 81777 92203 40254
21161 56893 40634 10252
12567 37410 04065 10253
21700 15061 45192 00259
24469 40982 00799 50251
51161 24965 43722 40253
36434 57173 65903 00250
33140 44498 72570 10258
66798 91088 53598 60251
24819 14340 81450 40251
30903 36957 31262 50254
42931 40497 01993 90259
60896 30474 47290 90256
00000 00000 00000 00000 #这个也是激活码！！
单独激活码
每个价值0.1元！！！
64518 60640 61115 40256
52245 56605 74205 80250
46518 12361 54990 40251
40644 26071 00837 80252
40784 37475 18397 30257
61861 52901 57010 20259
34791 27364 47104 40255
55315 53269 57726 90252
58133 25568 06079 00256
admin激活码
每个1元！
20931 56952 04179 50251